7453312285776416001
7396643424046173447
7228052797638348040
7524280866823032080
7523818669902777601
7523449760905235728
7522779519317544209
7521223118782827792
7520479353067556097
7519499858491739408
7518622258261150977
7517631846168005905
7516420376348331265
7515664896365710609
7514173151131995408
7513422900154731793
7512791491777924369
7512446718831562000
7511298001726377232
7510827092028837121
7507972080458157329
7507486907308182785
7506491073833880849
7505742879709515009
7504889811191254273
7504537019436043536
7503886619334806800
7503521282793786641
7503051710152199425
7502400814669942033
7501936289105710352
7501287557527883024
7500556612445293840
7499802861304401168
7499416850606951697
7498919545877384464
7498599678162898193
7497859457473383696
7497477694053944593
7497210251226156305
7496353101943819536
7495335353386142977
7494967717141810449
7493846645562461456
7493506998244363536
7492749363052088592
7492376854364458257
7492015532019862801
7491638157591481617
7491248727164767505
7490512973316754689
7490060896782404870
7489677011766529285
7489317278551477509
7488690174675766534
7488330461027077382
7487851907302558982
7487166279325994245
7486065731625340176
7484867788792810769
7483462454362574097
7481603230753934608
7480127694726761736
7479289520937012496
7477530738758290695
7477178726757698824
7476390717233958145
7475601512429833480
7474949598088400145
7474454226333191440
7473828214591261969
7473075161432935697
7472618449416523025
7472241358393199889
7471588602976210177
7471127841007095057
7470746181786815761
7470490979699576080
7470013841221422353
7469648193798573329
7469024605261368592
7468623711046864129
7467048456859766017
7466679149118196993
7466298833031433488
7465921659069844752
7465560079706770689
7465298854364138768
7464807151014366465
7464443429200629009
7464071131423886608
7463713074311122193
7463057871572372752
7462211475008998672
7461926044711374081
7461466483063786769
7461209606342200577
7460733970402102544
7460364141937708289
7459725912016162049
7458881093878533377
7458509671800835345
7458136160821316880
7457493510745361680
7457023445553974544
7456645461370342672
7455902910522723600
7455558058689744145
7455269547268951313
7454908367421656337
7454534154835823889
7453785367733439760
7452305776477015313
7451929775662189841
7451091576450829569
7450820752749694224
7450442554186681601
7450076949747191057
7449600781038275841
7448497332624133393
7447391437248875792
7446363439754235153
7445997095460490497
7445627828936133889
7444782156154424593
7444130765064949008
7443292847463255317
7442938519095430417
7441921224646593813
7441443335723699464
7440426828394777876
7440055091547114753
7438837705070447892
7438110820157934864
7437810804952517909
7436621855168941332
7436262794309176592
7435139139927805200
7434015289915837713
7432535551409933584
7430772735384505601
7429564913825221889
7428543634586225921
7427349832743849232
7426324583357222160
7425118746341068048
7424751565271043345
7423623494719573265
7422519141686447376
7421771577605344529
7420004399658945793
7419539950917537025
7418535129305468168
7417418298494553361
7417034840408608017
7416591429637541137
7415977262589218055
7415473912600890625
7412865203068488965
7412125442267794705
7411760135808322832
7411109167223606536
7410417886939843847
7409625688505896193
7409153798117100807
7408784838897011975
7408416870929419538
7407671603326209288
7406995003102203154
7406554138441551112
7406179736105372946
7405556666772540690
7404808368121990407
7404438121011563783
7404069222604688647
7403591802772655367
7402850116337421586
7402475975826509064
7402107280289828104
7401103309236358408
7400363567419084039
7399973528713301266
7399621444268821767
7399251558095015175
7398863953436216583
7398143601336765703
7397757703650675976
7396267694204488978
7395154535469042951
7394683298221427975
7392923429046897938
7392467794933107976
7392074602622635272
7391336618910649616
7390620225483443464
7389852322563640584
7389485772614798612
7388747006568664321
7388015270587075860
7387633630937484564
7386890314771991828
7386588686072220948
7386145711370407189
7385779253977042177
7385409359368473877
7384851806339304711
7383556091239468295
7383183859514379527
7381409674786065672
7381028827436256520
7380203901313699090
7378832332410670354
7378360807412862226
7376962226667687175
7376595095002402056
7375762011524844818
7373622716722679058
7373151868064681234
7372787710311927048
7371676697378278664
7370936585937833234
7370555551995972882
7369813857042173202
7369089727724621063
7367974953406270728
7367597368776117512
7366861754795560200
7366487964597112071
7365451715845311751
7364624524828069138
7363596406868692242
7363160688971271442
7362410913128828178
7362025931474603282
7361286615009971463
7360644523577462032
7360260008652672264
7359797966175030536
7358686491255655698
7358312914933107975
7357575134628154631
7356841392829648136
7356085554972200199
7354971504741813512
7354231504697920775
7353116479497211143
7351641507121663250
7350521026100333832
7349785888685083922
7349409195814407442
7348292462143638791
7347183321257889032
7346525243709590792
7345797330202873096
7344676851954044168
7344316213595507976
7343938219886595335
7343200085943061767
7342728751324695816
7342000557311184136
7341608472787668242
7341352450894335240
7340882182258347271
7340136318304931080
7339487622500306184
7339123808395152658
7338275438701202696
7338001939214470418
7336792422875286802
7336167387298860306
7335691249413885202
7334938043557760263
7334567225560517895
7334184891187350792
7333813374511287559
7333181490613783826
7332711964633812231
7332065884904656135
7331595210075458823
7331223630501711122
7330847848189168914
7330116546116750599
7329472603721174279
7328630889599012114
7328249347383004423
7327612807720094994
7327143921824369938
7326402229122927880
7326021679719697672
7325291118348782866
7324919215318633735
7323900613941660936
7323442483747114258
7323057206943894802
7322690361506155784
7321960203635674375
7321573422671203591
7321205036141382919
7320570777210752274
7320093035742629128
7319828074890038546
7319356827051773191
7318981222246534418
7318697349214178568
7318252626292903176
7317863453400599826
7317118793807826183
7316376588180802834
7316003982537657618
7315632364770708743
7314526554007080200
7314159797715160327
7313039969231113480
7312303075451047175
7311564725924547848
7310808526467779848
7310441122403306770
7310081712443247879
7309701480632569095
7308950461095234834
7308210904116579592
7307843745418874130
7307104252285996306
7306366218078899474
7305610121239874823
7304512255524097287
7304126801142402311
7303390006452800776
7303019929475845394
7302647537738042642
7301997490146921735
7301544060680998151
7300412785840737544
7299680385103875336
7299307180031839496
7298571281702653191
7297819121155165448
7297440984781065480
7296337043754372359
7296075908681714945
7295591500627315975
7295220673545293074
7294863164691270930
7294487519746444552
7293378916067167495
7292623413993016594
7291884699532692743
7291510644702989575
7290777577231371538
7290024390815698183
7289676975579450642
7288914705391881479
7288547021605178642
7287797315119664392
7287055387960839432
7286689664382110983
7286051897700519169
7285205523144707336
7284840190831512840
7284454864992750866
7283718963903679752
7282346004454591745
7281859544051895570
7281488074163375378
7280768377931484434
7280374247866764552
7279637552401763591
7279264293361700114
7278889683726109959
7278154039538322696
7277403759498595591
7277038909106752775
7276665381954047240
7276299536006483202
7275929470182165768
7275560323371765000
7275184582134123794
7274817289034272018
7274067118407027975
7273707494256545025
7273335519042440455
7272579644006632706
7272211149163171078
7271841507382971654
7271482103949200646
7271107573237976325
7270732508117945606
7270364228316450054
7269605145695046917
7268979013241130246
7268607475044093190
7267878649544592646
7267494372504046850
7266763467246374145
7266392057021730049
7265921545325841665
7265273891453504769
7264904720580496642
7264162642003119362
7263794696869121282
7263423710688742657
7263053804533320961
7262676713899887873
7262315196214021378
7261935067281313026
7261827570717543682
7261466294959049985
7261104239957576961
7260451364046687490
7259998580918750466
7259346355653561602
7258849578257059090
7258484465020833032
7257745589809515782
7257378949150379271
7256266476267654408
7255875692217371911
7255151238298258706
7254406691196800274
7253672066254163218
7253296165712612615
7252554172350860562
7251813607506300178
7251448507486227719
7251071301824105736
7250696545434160392
7250321722367298824
7249582797948603656
7248919324486946056
7248470851643821320
7248094445579652359
7247731483715079432
7247356120266804487
7246625068950867207
7246249811064769799
7245866060560338194
7245500220950236424
7245132575302356242
7244766632600521991
7244392456647609618
7244014567045549320
7243645955969436946
7243270854249925896
7242929397731314962
7242545255311052040
7242165370809748743
7241792187850099986
7241068638818602248
7240671682514406674
7239934558848765202
7238819746836188424
7238076448366464274
7237711057718873351
7237336916884983058
7236225512379518215
7235111375830273298
7234380486401887496
7233631062545403144
7232891649649609991
7232144284625980679
7231399081002798343
7231031828923157767
7230292621665619207
7229927663295663368
7229182111343709458
7228812222552640775
7228435970964589831
7226949014455864594
7225480770998045953
7225097639493160193
7224359887948598530
7223989622769011969
7222500862130752770
7222130146273217793
7221383309677350146
7219897247297817858
7219528005922688257
7218799989709950209
7217301168836447489
7216560994951105793
7215814744907812098
7214703396207578386
7214341775031373074
7213959439613791495
7213592361656421640
7212851348814023954
7211734163995495698
7211358677658307858
7210991281575628040
7210249647116373266
7209612482263010568
7209133635738324231
7208027313429056786
7207664302575176978
7206909462303476994
7206545159620775170
7206166412509842689
7205797005631819009
7205056110523370753
7204310059826826498
7203938695563447554
7203567327273635073
7202833302431091969
7202084889406000386
7201720196120268033
7201345318812781825
7200974690138082562
7199862602560785666
7199489347861761281
7199111636731415810
7198373388581113090
7197633038438665473
7197261290409069825
7196523135582178561
7196148610218691866
7195043872798444801
7194666199123283201
7193921937909845250
7193551881140997378
7192434248924564737
7192072627740101889
7191695153805954305
7191330784739921153
7190590368763612417
7190210820922494210
7189839408000961793
7188722961463954715
7187985838658129153
7187350316248075547
7186623092821675290
7186126134868724994
7185757701715037466
7184750398475881754
7183914683072646402
7183357864273054977
7183165319500827905
7182789969302375682
7182420418366541057
7182157415821987098
7181684199051513089
7180937520115453186
7180560663339748609
7180201813960854811
7179817503542005019
7179471347683298561
7178707130290146561
7178338782297476379
7177977721702731035
7177594522560400667
7177336033162382618
7176480382592863489
7174991607870131457
7174360536711171354
7173148712762461466
7172503973797186843
7170546024686030107
7169917783667412250
7169442167587425563
7167941872260828443
7167210146840530177
7166838833923853569
7166089049114037506
7164974905547623707
7164609777874504961
7163966672053882138
7163595718698011931
7162751550874488091
7162385638174510337
7162114302957145371
7160166697456897281
7159886000162950426
7159517560487136538
7159144254311353627
7158772812759485722
7158030495509515547
7157559317636402459
7157179834454510874
7156074885943397634
7154955776841288986
7154597963572989210
7154323950091111707
7153589218483178778
7152374273825426714
7151996636711947546
7151728247112289562
7151350704840428827
7150634638594018586
7149765695193074971
7149127426365279515
7148648432394112282
7148386184387939610
