7519368910479707410
7517633492360940807
7517854215633390855
7527606688032050450
7527533978870369544
7527528021662780690
7527325948690173192
7527286989264047378
7527216670222388487
7527166824157416711
7527163133845064978
7526946138855886088
7526915448118447368
7526874412591729927
7526808472189537544
7526799899250199815
7526554924335893767
7526539824233237778
7526183671896739079
7526122049840893191
7526048465290333458
7525800130742848775
7525783638538145032
7525744711064112391
7525656349447818514
7525428147945622802
7525409427294391570
7525367311398735112
7525319333468491016
7525304375607168264
7525100030198336775
7525056276846431495
7524943185311780104
7524725769096989960
7524715635511758087
7524665854928194823
7524623601719577863
7524558741090340104
7524268017853910290
7524186456252861714
7523584077052710162
7523559850496969991
7523204555618782472
7523150309502373138
7523129960387677447
7523089430379367688
7522832342856043794
7522732101087563015
7522493604024028423
7522467178931571976
7522425823715003656
7522322276675505416
7522102370549927176
7522022122080800018
7521951669551140104
7521735962645384455
7521672394487155975
7521655320330898696
7521361296520908050
7520980193758989586
7520649795455716616
7520485354349104392
7520458466880802056
7520277315801320712
7520246862985792775
7520234938873122066
7520157049188011282
7520134526253747474
7519889908572671250
7519862101435813128
7519746631621725458
7519528333135056146
7519495732533923079
7519463934231989512
7519154160412003592
7519126000949595410
7519020127887625490
7518990958743031058
7518774740052380935
7518755144868056327
7518386718777838855
7518261519163886866
7518036394531491080
7518009595063766290
7517921844926647560
7517583002092850439
7517514479769308423
7517304890960481543
7517268644766715143
7517202836699073810
7517142192285175048
7516927679317298439
7516906581653589256
7516837238194425096
7516786560197594375
7516554653245459719
7516529721946033416
7516463045179165970
7516421747797789960
7516027795135368456
7515816526281280776
7515728223599103239
7515721642958458120
7515452468164152594
7515424654404766983
7515352531262852360
7515279197305195784
7515078089924218130
7515032251080477970
7514991840995691784
7514936891561479432
7514901715041275143
7514667628384849170
7514604023480192263
7514567056579235079
7514344976533196040
7514297268615318791
7514235393856769288
7514183022757858568
7513925563359169810
7513884895811357960
7513795249714564360
7513558057239006471
7513152068119448840
7512854906886245639
7512812913296559367
7512678235616972050
7512442212399975698
7512391828591643912
7512364977060236562
7512342821190356231
7512305384900644104
7512070733548277000
7512039915002154258
7511973666108869895
7511737386833939730
7511696976984132872
7511600236813454610
7511346496172870920
7511328318327639303
7510983923258690824
7510956593622650119
7510868989480881426
7510569498328583432
7510452053429259528
7510275911351094536
7510228960777719058
7510185707814604050
7510098728942898439
7510072662429863175
7509896740829547794
7509859120808234247
7509788451634564370
7509728334297730312
7509531162952387858
7509496252153728274
7509432202090925320
7509359918915308808
7509321138363731208
7509100622193478930
7509039428837362952
7508943896139943176
7508753205212253458
7508394756192439570
7508354700656266503
7508210747638484231
7508012388252192018
7507951809059900690
7507838556929297672
7507646724320562440
7507610602169191698
7507561441646497042
7507464618315451656
7507245120400706823
7507182836307266823
7507103334726225170
7506909286753258759
7506882614813297928
7506797107509054728
7506717032704904456
7506532533895433490
7506507963570425106
7506465792049892626
7506183154936466696
7506157962507930888
7505989535398890759
7505671217966255367
7505623555392998663
7505402338471939335
7505354219084352775
7505257637223746824
7504947474461674770
7504290368792481031
7504260875700735250
